30
4
1 2 3 4
4
2 3 5 1
5
1 5 1 2 2
5
1 7 10 10 10
5
5 3 3 3 1
20
20 5 16 13 25 8 30 24 7 13 30 17 12 21 26 25 27 24 14 10
20
23 14 7 17 6 8 6 9 5 4 21 27 19 16 24 19 15 23 13 17
20
11 9 3 28 28 26 2 29 17 13 8 6 8 16 4 21 23 29 1 2
20
30 30 28 27 26 21 19 19 19 19 16 15 15 12 10 9 9 8 8 2
20
22 23 8 21 1 29 30 13 14 8 17 28 12 8 11 3 9 14 24 7
30
31 36 24 31 33 4 12 23 16 35 20 21 28 1 23 9 8 8 26 11 29 37 21 17 37 4 31 29 13 32
30
29 30 7 28 15 38 15 35 3 3 4 39 15 26 9 40 17 25 21 19 33 3 32 13 25 10 15 32 35 31
30
17 30 28 6 19 11 8 9 24 32 6 1 37 36 37 20 37 38 39 19 33 1 37 35 2 31 3 7 9 17
30
38 12 39 21 11 29 16 10 25 16 6 40 34 16 27 35 30 28 23 10 25 16 35 3 30 11 36 25 12 33
30
40 40 37 36 35 35 35 33 32 32 31 28 26 25 24 24 22 22 21 19 16 10 9 6 6 4 4 4 3 3
50
19 1 60 52 17 31 7 25 42 56 13 18 33 38 28 3 10 29 29 50 11 43 23 10 39 32 32 53 45 32 52 38 28 57 49 18 46 5 42 60 38 4 43 4 47 5 52 54 42 31
50
50 18 22 14 46 5 38 19 15 1 10 16 42 10 56 59 43 38 30 10 51 50 23 47 8 17 14 37 49 4 7 14 23 39 33 54 23 40 10 17 4 41 57 20 51 34 26 58 13 11
50
1 2 2 3 3 4 4 8 8 10 12 12 14 14 14 15 15 16 18 19 20 21 21 22 22 24 25 25 25 27 29 30 36 37 37 38 38 41 41 41 44 48 48 53 53 54 54 55 56 57
50
59 58 58 58 56 55 55 54 52 44 44 44 43 41 40 39 39 36 36 36 35 33 32 30 29 29 27 26 26 26 25 22 22 21 21 21 18 17 15 12 8 8 6 6 5 4 2 2 2 1
50
48 34 29 49 43 10 5 34 6 17 15 8 21 1 20 10 51 22 22 28 37 34 47 29 33 7 60 31 23 43 6 35 18 29 56 24 21 2 41 31 15 42 28 1 44 12 58 46 44 39
70
10 66 50 55 24 60 78 59 22 16 35 24 10 32 28 46 54 23 60 22 44 10 63 39 22 16 34 29 37 51 22 23 8 39 65 80 80 75 54 64 1 30 38 19 12 4 55 59 11 9 36 18 59 69 21 18 1 48 48 56 55 55 16 6 6 48 21 8 40 59
70
28 74 30 42 65 8 63 50 66 38 18 18 5 1 46 36 61 22 16 50 57 49 62 74 30 72 26 37 70 9 56 4 8 49 3 76 42 47 12 36 37 9 5 76 24 45 77 80 80 58 61 61 38 64 67 52 40 53 60 61 29 26 56 45 19 46 24 27 28 65
70
79 79 78 78 77 75 75 73 72 71 70 70 69 69 69 68 68 67 62 60 60 54 54 52 50 48 46 46 45 44 44 43 43 42 41 39 39 38 34 34 33 33 33 32 30 29 29 26 26 23 20 20 19 17 16 16 15 15 14 13 10 10 8 7 7 4 4 4 1 1
70
80 80 79 77 76 76 74 74 74 72 69 67 66 66 66 63 62 62 60 58 57 57 56 49 47 47 47 44 43 43 42 42 42 41 41 40 39 39 38 37 37 33 33 33 31 31 31 31 27 26 25 25 24 22 17 16 15 13 13 13 11 10 9 8 5 5 1 1 1 1
70
3 13 62 47 67 61 61 69 49 66 53 24 28 76 40 63 57 42 7 69 25 16 39 45 54 74 5 66 46 64 72 13 20 10 54 27 51 22 9 45 36 55 51 1 66 80 64 65 12 66 44 11 11 51 53 33 68 80 1 18 64 35 35 25 10 8 10 52 41 45
100
114 88 95 96 55 82 105 102 79 97 48 48 88 99 110 96 18 85 93 102 78 47 61 4 48 86 37 80 104 92 84 59 15 77 16 53 24 4 47 43 101 30 4 116 4 68 60 17 89 47 25 27 53 111 95 81 79 109 117 65 91 81 30 39 72 62 8 77 119 5 37 10 104 16 65 21 71 64 59 51 55 40 112 16 117 108 67 51 9 76 1 60 8 29 77 82 22 2 103 120
100
42 119 91 113 74 118 111 100 9 46 4 41 94 105 33 108 78 68 36 1 61 44 3 81 97 47 114 84 88 17 101 64 51 8 65 72 114 34 62 40 98 70 111 56 101 72 93 40 17 113 25 19 107 118 1 71 53 15 101 60 94 19 82 114 65 18 22 120 81 19 101 50 67 40 100 67 92 47 116 100 69 105 9 107 108 64 116 47 109 117 77 58 120 56 109 33 77 116 99 113
100
1 1 3 4 6 6 6 8 9 9 9 10 10 12 15 15 17 17 20 20 25 25 26 31 32 34 35 36 36 37 39 40 44 44 44 49 49 52 54 54 55 56 59 59 59 61 62 63 63 64 65 66 66 66 66 67 71 73 74 74 74 75 75 76 79 79 82 82 83 83 85 86 88 88 89 90 92 92 94 96 96 98 100 100 105 105 107 107 109 110 111 111 112 112 113 114 117 118 119 120
100
119 119 118 118 118 117 117 117 115 113 113 112 111 108 108 107 107 107 106 104 104 103 103 103 101 98 97 97 96 96 94 92 91 91 88 87 85 85 82 80 79 79 77 74 72 69 68 65 65 64 63 63 61 61 61 60 60 57 56 55 54 52 50 50 47 47 46 45 44 44 44 43 42 40 40 38 37 37 32 32 28 27 23 22 22 22 20 20 20 20 19 16 15 14 10 10 7 2 1 1
100
104 114 68 104 93 8 63 85 33 80 55 40 118 72 4 65 10 97 52 112 83 10 91 28 56 105 31 106 25 1 43 18 18 49 1 104 4 57 62 41 12 91 65 76 120 39 44 116 15 22 86 51 81 4 63 17 7 16 46 13 52 30 120 116 20 55 106 32 108 103 24 50 106 7 111 98 102 3 24 94 41 31 102 114 68 22 115 79 77 76 53 103 78 60 95 56 22 92 37 63
